     0/499     2.19G   0.08026   0.04521         0    0.1255         5       640   0.02598   0.02564  0.009368   0.00181         0  0.006408         0
     1/499     2.36G   0.05736    0.0377         0   0.09506         1       640   0.06493    0.7393    0.2739   0.04492         0   0.01487         0
     2/499     2.36G   0.04582   0.02766         0   0.07348         0       640   0.03561    0.9402    0.3641     0.092         0   0.07462         0
     3/499     2.36G   0.04827   0.02677         0   0.07505         1       640   0.01449     0.812     0.242   0.04136         0    0.1084         0
     4/499     2.36G   0.04455    0.0264         0   0.07095         1       640   0.06253    0.9017    0.6108    0.2326         0   0.04036         0
     5/499     2.36G   0.04136   0.02425         0   0.06561         1       640   0.05079    0.8632    0.5081    0.1934         0   0.05795         0
     6/499     2.36G   0.04434    0.0237         0   0.06804         1       640   0.04395    0.8333    0.5874    0.1906         0   0.07449         0
     7/499     2.36G   0.04117   0.02612         0   0.06729        11       640   0.03201     0.735    0.4204    0.1849         0   0.04848         0
     8/499     2.36G   0.04223   0.02672         0   0.06895         6       640   0.01179    0.2479    0.1028   0.03369         0   0.02411         0
     9/499     2.36G   0.04143   0.02735         0   0.06878         8       640  0.008624     0.312    0.1246   0.06446         0   0.04383         0
    10/499     2.36G   0.03926   0.02631         0   0.06557         1       640   0.07621    0.5726    0.4026    0.1202         0   0.02399         0
    11/499     2.36G    0.0396   0.02541         0   0.06501         1       640    0.1675    0.3419    0.2879    0.1307         0   0.01073         0
    12/499     2.36G   0.04141   0.02648         0   0.06789         9       640    0.1904    0.7094    0.6332    0.3482         0   0.01468         0
    13/499     2.36G   0.04031   0.02473         0   0.06504         6       640     0.052    0.6325    0.4789    0.2607         0   0.03285         0
    14/499     2.36G   0.03976   0.02655         0   0.06631         3       640   0.06841    0.8248    0.7186    0.3824         0   0.03055         0
    15/499     2.36G   0.04235   0.02777         0   0.07012        14       640   0.01988    0.3718    0.1684    0.0935         0     0.039         0
    16/499     2.36G   0.03751   0.02467         0   0.06218         4       640   0.01993    0.2222    0.0437   0.01384         0    0.0141         0
    17/499     2.36G   0.03586   0.02662         0   0.06249         5       640     0.111    0.4359    0.2848    0.1197         0   0.01593         0
    18/499     2.36G    0.0359   0.02589         0   0.06179         3       640    0.1201    0.8974    0.7988    0.4633         0   0.03376         0
    19/499     2.36G   0.03967    0.0264         0   0.06608         1       640    0.2304    0.7051    0.6321    0.3537         0   0.01498         0
    20/499     2.36G   0.03834   0.02642         0   0.06476         7       640    0.1625    0.9145    0.8119    0.4969         0   0.02306         0
    21/499     2.36G   0.04116   0.02749         0   0.06865        17       640   0.06602    0.8889    0.7525    0.4151         0   0.03551         0
    22/499     2.36G   0.03826   0.02599         0   0.06425         5       640    0.2088    0.8675    0.7886    0.4968         0   0.01767         0
    23/499     2.36G   0.04137   0.02688         0   0.06825         5       640    0.1758    0.8675    0.7694     0.392         0   0.01795         0
    24/499     2.36G   0.04444   0.02633         0   0.07077         6       640    0.1648    0.7521    0.3719    0.1288         0   0.01352         0
    25/499     2.36G   0.04119   0.02567         0   0.06686         2       640    0.2417    0.8803    0.8254    0.4637         0   0.01748         0
    26/499     2.36G   0.03917   0.02511         0   0.06427         2       640    0.0627    0.7949    0.5561    0.3476         0   0.02946         0
    27/499     2.36G   0.03903   0.02598         0     0.065         3       640    0.1411    0.7821     0.635    0.3593         0   0.01644         0
    28/499     2.36G   0.03844   0.02612         0   0.06457         9       640    0.1362    0.1453    0.0963   0.02712         0  0.005383         0
    29/499     2.36G   0.04111   0.02644         0   0.06755         7       640    0.1847    0.7265    0.6256    0.2507         0   0.01719         0
    30/499     2.36G   0.04334   0.02405         0   0.06739         4       640    0.1906    0.7778    0.5471    0.2729         0   0.01591         0
    31/499     2.36G   0.03721   0.02597         0   0.06318         2       640    0.1331    0.8632    0.5897    0.1931         0   0.02541         0
    32/499     2.36G   0.03785    0.0239         0   0.06175         2       640    0.2188    0.9316    0.8948    0.5717         0   0.02392         0
    33/499     2.36G   0.03852    0.0247         0   0.06323         1       640    0.1506    0.9316     0.879    0.5727         0   0.02785         0
    34/499     2.36G   0.03986   0.02479         0   0.06465         7       640    0.4147    0.8761    0.8499    0.5312         0   0.01455         0
    35/499     2.36G   0.03782   0.02493         0   0.06276         2       640    0.4146    0.9103     0.875    0.5533         0   0.01422         0
    36/499     2.36G   0.03625   0.02517         0   0.06142         5       640    0.1154    0.9103    0.8078    0.5537         0    0.0285         0
    37/499     2.36G   0.03558   0.02423         0   0.05981         6       640    0.1203    0.9316    0.8838    0.6296         0   0.03175         0
    38/499     2.36G   0.03412   0.02452         0   0.05864         4       640    0.1564    0.9274     0.858     0.575         0    0.0263         0
    39/499     2.36G    0.0344   0.02341         0   0.05781         4       640     0.358    0.8974    0.8598    0.6063         0   0.02311         0
    40/499     2.36G   0.03552   0.02337         0    0.0589         2       640    0.5081    0.8889    0.8875    0.5687         0   0.01412         0
    41/499     2.36G   0.03257   0.02267         0   0.05524         1       640    0.7731    0.8883    0.9071    0.5218         0   0.01184         0
    42/499     2.36G   0.03182   0.02181         0   0.05363         8       640    0.4107    0.8974    0.8981     0.641         0   0.01802         0
    43/499     2.36G   0.03224   0.02043         0   0.05268         2       640    0.7103    0.9145    0.9363    0.6609         0   0.01526         0
    44/499     2.36G   0.03424   0.02486         0    0.0591        10       640    0.5169    0.8846    0.8657    0.6136         0   0.01395         0
    45/499     2.36G   0.03677   0.02332         0   0.06009         5       640    0.3118    0.8974    0.8481     0.488         0   0.01665         0
    46/499     2.36G   0.03314   0.02182         0   0.05497         0       640    0.6194    0.8889     0.886    0.5531         0   0.01373         0
    47/499     2.36G   0.03268    0.0207         0   0.05338         1       640    0.6008    0.9188    0.9268    0.6227         0    0.0165         0
    48/499     2.36G   0.03272   0.02382         0   0.05654         7       640    0.7247    0.8718    0.9031    0.6059         0   0.01286         0
    49/499     2.36G   0.03195   0.02308         0   0.05503         1       640    0.7524    0.8419    0.8545    0.5817         0    0.0121         0
    50/499     2.36G   0.03211   0.02176         0   0.05387         7       640    0.6629    0.9231     0.923    0.5902         0   0.01541         0
    51/499     2.36G   0.03357   0.02086         0   0.05443         2       640    0.3908    0.9231    0.8155    0.4338         0   0.01502         0
    52/499     2.36G   0.03245   0.02159         0   0.05404         3       640    0.4928    0.8761    0.7721    0.5233         0    0.0145         0
    53/499     2.36G   0.03013   0.02176         0   0.05189         1       640    0.7743    0.8974    0.9045    0.6629         0   0.01094         0
    54/499     2.36G   0.02801   0.02193         0   0.04994         2       640    0.8537    0.7991    0.8619    0.6426         0  0.008141         0
    55/499     2.36G   0.03378    0.0218         0   0.05558         6       640    0.7797    0.8772    0.8986    0.5628         0   0.01279         0
    56/499     2.36G   0.03248   0.02067         0   0.05315         2       640    0.6141    0.8419    0.8419    0.5075         0   0.01168         0
    57/499     2.36G   0.03235   0.02267         0   0.05502         2       640    0.8987    0.7965    0.8619      0.64         0  0.008722         0
    58/499     2.36G   0.03423   0.02299         0   0.05722         5       640    0.8069     0.906    0.9293    0.6532         0   0.01108         0
    59/499     2.36G   0.03003   0.02193         0   0.05196         7       640    0.6093    0.9444    0.9345    0.6965         0   0.01648         0
    60/499     2.36G    0.0314   0.02137         0   0.05277         5       640    0.6639    0.9145     0.918    0.6709         0   0.01306         0
    61/499     2.36G    0.0312   0.02117         0   0.05237         2       640    0.7595    0.8675    0.8929    0.5432         0   0.01439         0
    62/499     2.36G   0.03235   0.02173         0   0.05408         3       640    0.6234    0.6795    0.6871    0.3944         0   0.00715         0
    63/499     2.36G   0.03078   0.01987         0   0.05065         2       640    0.8696    0.8974    0.9173    0.6436         0   0.01347         0
    64/499     2.36G   0.03106   0.02096         0   0.05203         2       640    0.8064    0.9188     0.935    0.6791         0   0.01317         0
    65/499     2.36G   0.03126   0.02153         0   0.05279         2       640    0.8926    0.9145    0.9373    0.6651         0   0.01438         0
    66/499     2.36G   0.03327   0.02341         0   0.05668         5       640    0.8333    0.8974    0.9212    0.6427         0   0.01128         0
    67/499     2.36G   0.03014   0.02208         0   0.05223         6       640    0.7028    0.8932    0.9011    0.6648         0   0.01378         0
    68/499     2.36G   0.02875   0.02155         0    0.0503         6       640    0.7598    0.8919    0.9113    0.6578         0   0.01227         0
    69/499     2.36G   0.03006   0.02122         0   0.05128         6       640    0.5715    0.9017    0.9174    0.6446         0   0.01505         0
    70/499     2.36G   0.03422   0.02345         0   0.05768         4       640     0.546    0.8718    0.8776    0.5271         0   0.01508         0
    71/499     2.36G   0.03374   0.02163         0   0.05538         1       640    0.6634    0.9145    0.9177    0.6405         0   0.01318         0
    72/499     2.36G   0.03744   0.02204         0   0.05948         6       640    0.4572     0.906    0.8124    0.5079         0   0.01313         0
    73/499     2.36G   0.03405   0.02126         0   0.05531         2       640    0.2947     0.906    0.7134    0.4952         0   0.01242         0
    74/499     2.36G   0.03334   0.02175         0   0.05509         5       640    0.6462    0.8889    0.9113    0.6434         0   0.01374         0
    75/499     2.36G   0.03124   0.02234         0   0.05358         2       640    0.6634    0.8803    0.8876    0.6179         0   0.01729         0
    76/499     2.36G   0.03152   0.02284         0   0.05436        13       640    0.7195    0.9402     0.943    0.6915         0    0.0165         0
    77/499     2.36G   0.03191   0.02453         0   0.05644        10       640    0.5945    0.8803    0.8897    0.6755         0   0.01413         0
    78/499     2.36G   0.03083   0.02048         0   0.05131         4       640    0.6645    0.9402    0.9421     0.689         0   0.01497         0
    79/499     2.36G   0.03023   0.02201         0   0.05223         7       640    0.5137    0.9359    0.9215    0.6599         0   0.01506         0
    80/499     2.36G    0.0286   0.02094         0   0.04954         6       640    0.6948    0.9316    0.9336    0.7368         0   0.01654         0
    81/499     2.36G   0.03139   0.02157         0   0.05296         6       640    0.7678    0.8197     0.871    0.6341         0   0.00995         0
    82/499     2.36G   0.02865   0.02326         0   0.05191         3       640    0.8928    0.8538    0.9144    0.7297         0   0.01142         0
    83/499     2.36G   0.03193   0.02145         0   0.05337         4       640    0.7195    0.9359    0.9382    0.6797         0   0.01511         0
    84/499     2.36G   0.02954   0.02056         0    0.0501         4       640    0.3597    0.9316    0.9003    0.6319         0   0.01811         0
    85/499     2.36G   0.03266   0.02134         0   0.05399         6       640    0.5418    0.9231    0.9066    0.6257         0   0.01465         0
    86/499     2.36G   0.03077   0.02144         0    0.0522         4       640    0.7612    0.9188    0.9347    0.6681         0   0.01202         0
    87/499     2.36G   0.02955   0.02082         0   0.05037         1       640    0.7745    0.9231    0.9322    0.6769         0   0.01572         0
    88/499     2.36G   0.03244   0.02414         0   0.05659        12       640    0.8078    0.8974    0.9309    0.6525         0   0.01519         0
    89/499     2.36G   0.03023   0.02294         0   0.05317         7       640    0.7416    0.9231    0.9351      0.69         0   0.01582         0
    90/499     2.36G   0.03094   0.02149         0   0.05243         5       640    0.7888    0.8932    0.9169    0.6802         0   0.01558         0
    91/499     2.36G   0.03198   0.02212         0    0.0541         5       640    0.7568    0.8932    0.9099     0.686         0   0.01377         0
    92/499     2.36G   0.02844   0.02056         0   0.04901         3       640    0.8062    0.8846    0.9095    0.6883         0   0.01133         0
    93/499     2.36G   0.03085   0.02303         0   0.05388         5       640    0.5827    0.8632    0.8645    0.5312         0   0.01314         0
    94/499     2.36G    0.0316   0.02395         0   0.05555         9       640    0.5514    0.9017    0.8884    0.6084         0   0.01466         0
    95/499     2.36G   0.03036   0.02229         0   0.05266         7       640    0.7092    0.8248    0.8454    0.5602         0  0.009365         0
    96/499     2.36G   0.02819   0.02064         0   0.04883         4       640    0.8194    0.9111    0.9331    0.6585         0   0.01458         0
    97/499     2.36G   0.03169   0.02137         0   0.05306         4       640    0.8768    0.9231    0.9385    0.7008         0   0.01133         0
    98/499     2.36G   0.02915    0.0209         0   0.05006         7       640    0.8195    0.9017    0.9191    0.6396         0   0.01324         0
    99/499     2.36G   0.03029   0.02123         0   0.05152        10       640     0.835    0.8205    0.8866    0.6407         0   0.01076         0
   100/499     2.36G   0.02762   0.02081         0   0.04843         7       640    0.7503    0.8889    0.9063    0.6799         0   0.01646         0
   101/499     2.36G   0.02855   0.02138         0   0.04994         1       640    0.7038    0.8932    0.9095    0.5967         0   0.01258         0
   102/499     2.36G   0.03066   0.02154         0    0.0522        11       640    0.7591    0.8932    0.9073    0.6533         0    0.0131         0
   103/499     2.36G    0.0275   0.02049         0   0.04799         1       640    0.7187    0.9017     0.923     0.707         0   0.01458         0
   104/499     2.36G   0.02839   0.02063         0   0.04902         3       640     0.819    0.9103    0.9258    0.6935         0   0.01245         0
   105/499     2.36G   0.03198   0.02221         0   0.05419         4       640    0.5076    0.6624    0.6416    0.3986         0   0.01043         0
   106/499     2.36G   0.02863   0.02103         0   0.04965        10       640    0.8807    0.7051    0.8219    0.5768         0   0.00676         0
   107/499     2.36G   0.02841   0.02025         0   0.04865         9       640    0.7139    0.5971    0.6483     0.434         0  0.007333         0
   108/499     2.36G   0.03109   0.02082         0   0.05191         3       640    0.7065    0.9103    0.9243    0.6908         0   0.01405         0
   109/499     2.36G    0.0266   0.01884         0   0.04543         4       640    0.7282    0.9231    0.9324    0.7415         0   0.01498         0
   110/499     2.36G   0.02953   0.02063         0   0.05016         4       640    0.8123    0.9145    0.9316    0.6907         0   0.01356         0
   111/499     2.36G   0.02671   0.01995         0   0.04666         5       640    0.7403    0.9145     0.937    0.7184         0   0.01643         0
   112/499     2.36G   0.02697   0.02095         0   0.04793        10       640    0.7447    0.9188     0.927    0.6421         0   0.01336         0
   113/499     2.36G    0.0298   0.02039         0   0.05019         4       640    0.8738    0.9188    0.9379    0.6927         0   0.01431         0
   114/499     2.36G    0.0306   0.02077         0   0.05137         4       640    0.6809    0.8675    0.8992    0.6686         0   0.01313         0
   115/499     2.36G   0.02944   0.02091         0   0.05034         6       640    0.6547    0.9316    0.9321     0.729         0   0.01636         0
   116/499     2.36G   0.02637   0.02006         0   0.04643         3       640    0.8001    0.9231    0.9375    0.6437         0   0.01619         0
   117/499     2.36G   0.02644   0.01908         0   0.04553         4       640    0.8781    0.8803    0.9099    0.7036         0   0.01529         0
   118/499     2.36G   0.02988   0.02091         0   0.05079         5       640    0.7627    0.9188    0.9231    0.7297         0   0.01468         0
   119/499     2.36G   0.02585   0.01963         0   0.04548         8       640    0.8511    0.9274    0.9382     0.738         0   0.01616         0
   120/499     2.36G   0.02995   0.02167         0   0.05162         3       640    0.8312    0.9359    0.9524    0.6726         0   0.01487         0
   121/499     2.36G   0.03005   0.01961         0   0.04967         5       640    0.8522    0.9274    0.9445    0.6067         0   0.01191         0
   122/499     2.36G   0.03008   0.02402         0   0.05411        10       640    0.6186    0.8932    0.9104    0.6628         0   0.01539         0
   123/499     2.36G   0.03141   0.02151         0   0.05292         8       640    0.7171    0.8974    0.9182    0.6699         0   0.01611         0
   124/499     2.36G    0.0307   0.02057         0   0.05126         6       640    0.7918    0.9103    0.9236    0.6766         0   0.01339         0
   125/499     2.36G     0.031   0.02262         0   0.05363         2       640    0.7575    0.9274    0.9378    0.7171         0   0.01485         0
   126/499     2.36G   0.03152   0.02166         0   0.05318         3       640    0.3297    0.9359    0.9171    0.6695         0   0.02004         0
   127/499     2.36G   0.02876   0.02184         0    0.0506         3       640    0.5058    0.8846    0.8934    0.6414         0   0.01485         0
   128/499     2.36G   0.02805   0.02033         0   0.04839         0       640    0.7241    0.9145    0.9217    0.7009         0   0.01332         0
   129/499     2.36G   0.02621   0.02006         0   0.04627         2       640     0.883    0.8504    0.9018    0.6761         0    0.0124         0
   130/499     2.36G   0.02688   0.01981         0   0.04669         4       640    0.7827    0.9103    0.9303    0.7167         0   0.01515         0
   131/499     2.36G   0.03045   0.02058         0   0.05103         4       640    0.6081     0.953    0.9402    0.6685         0   0.01756         0
   132/499     2.36G   0.02892    0.0217         0   0.05062         7       640    0.7902    0.9444    0.9544    0.6614         0   0.01558         0
   133/499     2.36G   0.02788   0.02081         0   0.04869         2       640    0.8864    0.9188    0.9436    0.7213         0   0.01665         0
   134/499     2.36G    0.0283   0.01982         0   0.04811         3       640    0.8979    0.9231    0.9491      0.76         0   0.01359         0
   135/499     2.36G   0.02958    0.0216         0   0.05118         3       640    0.4871     0.906    0.7268    0.5364         0   0.01257         0
   136/499     2.36G   0.03021   0.02118         0   0.05139         8       640    0.4826     0.953     0.897    0.6739         0    0.0154         0
   137/499     2.36G   0.02906   0.02123         0   0.05029         4       640    0.8547    0.9274    0.9522    0.7073         0   0.01369         0
   138/499     2.36G    0.0278   0.02033         0   0.04812         7       640    0.5418    0.9402    0.8691    0.5754         0   0.01609         0
   139/499     2.36G   0.02985   0.02054         0   0.05038         5       640    0.7005    0.9274    0.9031    0.7001         0   0.01588         0
   140/499     2.36G   0.02767   0.02174         0   0.04941         3       640    0.5382    0.9316    0.9309    0.7166         0   0.01876         0
   141/499     2.36G   0.02822   0.02095         0   0.04918         4       640    0.8221    0.9402     0.959    0.7088         0   0.01486         0
   142/499     2.36G   0.02676    0.0195         0   0.04626         2       640    0.8099    0.9444    0.9539    0.7418         0     0.015         0
   143/499     2.36G   0.03059   0.02109         0   0.05168         4       640    0.6705    0.9188    0.9227    0.4808         0   0.01496         0
   144/499     2.36G   0.03256   0.02106         0   0.05361         5       640     0.587    0.9316    0.9099    0.6839         0   0.01216         0
   145/499     2.36G   0.03459   0.02211         0   0.05669         2       640    0.8143    0.9188    0.9328    0.6563         0   0.01338         0
   146/499     2.36G   0.02934   0.02103         0   0.05037         1       640    0.8633    0.9316    0.9446    0.7232         0   0.01607         0
   147/499     2.36G   0.02652   0.02133         0   0.04784         1       640     0.883    0.9188    0.9474    0.7618         0   0.01294         0
   148/499     2.36G   0.03097   0.02071         0   0.05168         9       640    0.7549    0.9444    0.9566      0.74         0   0.01595         0
   149/499     2.36G   0.02541   0.01992         0   0.04533         1       640    0.7413    0.9487    0.9586    0.6877         0   0.01776         0
   150/499     2.36G    0.0262   0.02053         0   0.04673         3       640    0.6722    0.9444      0.95    0.7667         0   0.02012         0
   151/499     2.36G   0.02546   0.01895         0   0.04441         3       640    0.8847    0.9316    0.9571    0.7816         0    0.0159         0
   152/499     2.36G   0.02987   0.02044         0   0.05031         4       640    0.7339    0.8974    0.8983    0.6825         0   0.01671         0
   153/499     2.36G   0.02828   0.02096         0   0.04925         9       640    0.4801    0.9402    0.9268     0.731         0   0.01861         0
   154/499     2.36G   0.02821   0.02057         0   0.04878         7       640    0.5914    0.9359    0.9109    0.6144         0   0.01366         0
   155/499     2.36G   0.03289    0.0216         0   0.05449         6       640       0.6    0.9233    0.8743    0.6683         0    0.0152         0
   156/499     2.36G   0.02913   0.01945         0   0.04859         3       640    0.8061    0.8708    0.8801    0.6058         0   0.01174         0
   157/499     2.36G   0.02819   0.01865         0   0.04683         7       640    0.8404    0.9103    0.9363    0.7146         0   0.01354         0
   158/499     2.36G   0.02776   0.01959         0   0.04735         1       640    0.7304    0.9231    0.9389    0.7242         0   0.01681         0
   159/499     2.36G   0.02558   0.01922         0   0.04479         4       640    0.9027    0.9188    0.9438    0.7321         0   0.01442         0
   160/499     2.36G   0.02674   0.02228         0   0.04902        13       640       0.8    0.9188    0.9269     0.732         0   0.01678         0
   161/499     2.36G   0.02654   0.01905         0   0.04559         1       640    0.8723    0.9145    0.9379    0.7499         0   0.01572         0
   162/499     2.36G    0.0243   0.01821         0   0.04251         7       640    0.8198    0.9402    0.9476     0.751         0   0.01466         0
   163/499     2.36G   0.02784   0.01933         0   0.04717         4       640    0.8031    0.9274    0.9469    0.7447         0   0.01688         0
   164/499     2.36G   0.02741   0.01917         0   0.04659         7       640      0.87    0.9359    0.9594    0.7718         0   0.01584         0
   165/499     2.36G   0.02468   0.02014         0   0.04482         1       640    0.8598    0.9274    0.9469    0.7545         0   0.01649         0
   166/499     2.36G   0.02571   0.02064         0   0.04636         2       640    0.9271    0.9237    0.9478    0.7524         0   0.01611         0
   167/499     2.36G   0.02589   0.01862         0   0.04451         2       640    0.9356    0.8932    0.9392    0.7605         0   0.01259         0
   168/499     2.36G   0.02836   0.01938         0   0.04775         2       640    0.8143    0.8889    0.9173    0.5743         0   0.01397         0
   169/499     2.36G   0.02889   0.02086         0   0.04975        11       640    0.6834    0.9573    0.9554    0.7352         0   0.01492         0
   170/499     2.36G   0.02758   0.02009         0   0.04767         4       640    0.5045    0.9573    0.9518     0.695         0   0.01799         0
   171/499     2.36G   0.02725   0.02024         0   0.04749         1       640     0.785    0.9444    0.9564    0.7511         0   0.01638         0
   172/499     2.36G    0.0261   0.01816         0   0.04425         1       640    0.7825    0.9402    0.9496    0.7266         0   0.01572         0
   173/499     2.36G   0.02632    0.0194         0   0.04572         3       640    0.8289    0.9145    0.9403    0.7482         0   0.01742         0
   174/499     2.36G   0.02791    0.0208         0   0.04871         5       640    0.8113    0.9231    0.9362    0.7342         0   0.01487         0
   175/499     2.36G   0.02718   0.02206         0   0.04924         4       640    0.6566    0.9274    0.9385    0.7227         0   0.01605         0
   176/499     2.36G   0.02553   0.01931         0   0.04485         0       640    0.8057    0.9402    0.9441    0.7263         0   0.01371         0
   177/499     2.36G   0.02653     0.019         0   0.04554         3       640    0.7486    0.9402    0.9426    0.7378         0   0.01603         0
   178/499     2.36G   0.02853   0.01924         0   0.04777         4       640    0.8472    0.9274    0.9497     0.765         0   0.01676         0
   179/499     2.36G   0.02651   0.01916         0   0.04566         4       640    0.8526    0.9316    0.9564    0.7537         0   0.01656         0
   180/499     2.36G   0.02544   0.01941         0   0.04486         6       640    0.8398    0.9402    0.9554    0.7429         0   0.01844         0
   181/499     2.36G   0.02756   0.01942         0   0.04698         4       640    0.7899    0.9402    0.9574    0.7574         0   0.01654         0
   182/499     2.36G    0.0249   0.01926         0   0.04416         7       640    0.5323    0.9487    0.9496    0.7569         0   0.01891         0
   183/499     2.36G   0.02534    0.0192         0   0.04454         3       640    0.8157     0.906    0.9202    0.7581         0   0.01749         0
   184/499     2.36G   0.02503   0.02004         0   0.04507         7       640    0.9726    0.9101    0.9462    0.7661         0   0.01426         0
   185/499     2.36G   0.02717    0.0189         0   0.04607         5       640    0.8543    0.9359    0.9512    0.7667         0   0.01546         0
   186/499     2.36G   0.02495   0.01844         0    0.0434         3       640    0.9607    0.8974    0.9341    0.7654         0   0.01489         0
   187/499     2.36G   0.02491   0.01745         0   0.04236         1       640    0.9728     0.916    0.9464    0.7868         0   0.01381         0
   188/499     2.36G   0.02582   0.01792         0   0.04375         1       640    0.8954    0.9188      0.95    0.6749         0   0.01546         0
   189/499     2.36G   0.02679   0.01848         0   0.04527         3       640    0.8891    0.9316    0.9519    0.7618         0    0.0159         0
   190/499     2.36G    0.0284   0.02101         0   0.04941         9       640    0.8256    0.9359    0.9605    0.7738         0   0.01632         0
   191/499     2.36G   0.02693   0.02032         0   0.04725         8       640    0.7767     0.953    0.9574    0.7199         0   0.01497         0
   192/499     2.36G    0.0246   0.01917         0   0.04377         1       640     0.791    0.9573    0.9579    0.7785         0   0.01835         0
   193/499     2.36G   0.02705   0.01941         0   0.04646         4       640    0.8098    0.9274    0.9448    0.7515         0   0.01666         0
   194/499     2.36G   0.02492   0.01935         0   0.04428         3       640    0.8987    0.9316    0.9544    0.7625         0   0.01517         0
   195/499     2.36G   0.02536   0.01821         0   0.04356         2       640    0.7777    0.9402    0.9494    0.7285         0   0.01651         0
   196/499     2.36G   0.02498   0.01795         0   0.04293         1       640    0.8443    0.9359     0.955    0.7355         0   0.01541         0
   197/499     2.36G   0.02588   0.01931         0    0.0452         2       640    0.6289     0.953    0.9507    0.7765         0   0.01907         0
   198/499     2.36G   0.02796   0.01994         0    0.0479         5       640    0.6314    0.9402    0.9431    0.7659         0   0.01774         0
   199/499     2.36G   0.02577   0.01961         0   0.04538         2       640    0.8528    0.9359    0.9585    0.7863         0   0.01547         0
   200/499     2.36G   0.02708   0.01975         0   0.04683        10       640    0.8967    0.8889    0.9328    0.7475         0   0.01492         0
   201/499     2.36G   0.02513   0.01971         0   0.04485        10       640    0.8923    0.9188    0.9375    0.7751         0   0.01463         0
   202/499     2.36G    0.0244   0.01868         0   0.04309         3       640    0.8327    0.9274    0.9507    0.7565         0    0.0167         0
   203/499     2.36G   0.02385   0.01883         0   0.04268         9       640    0.8289    0.9359    0.9444    0.7647         0   0.01765         0
   204/499     2.36G   0.02404   0.01838         0   0.04243         3       640    0.8196    0.9402    0.9522    0.7654         0   0.01926         0
   205/499     2.36G   0.02442   0.01816         0   0.04258         1       640    0.7156    0.9402    0.9444    0.7624         0   0.01819         0
   206/499     2.36G   0.02233   0.01719         0   0.03951         1       640    0.8681    0.9487    0.9604    0.7638         0   0.01742         0
   207/499     2.36G   0.02264   0.01703         0   0.03968         1       640     0.914    0.9274    0.9541    0.7762         0   0.01695         0
   208/499     2.36G   0.02484   0.01794         0   0.04278         1       640    0.8974    0.9145    0.9507    0.7559         0   0.01404         0
   209/499     2.36G   0.02175   0.01665         0    0.0384         0       640    0.8027    0.9444    0.9566    0.7726         0   0.01631         0
   210/499     2.36G   0.02622   0.01963         0   0.04585         9       640    0.9312    0.9248    0.9565    0.7425         0   0.01535         0
   211/499     2.36G   0.02669   0.02062         0   0.04731         4       640    0.9361    0.9188    0.9533    0.7579         0   0.01535         0
   212/499     2.36G   0.02356   0.01969         0   0.04325         6       640    0.7986    0.9188    0.9428    0.7619         0   0.01622         0
   213/499     2.36G   0.02794   0.01959         0   0.04754         3       640     0.643    0.9188    0.9154    0.7336         0   0.01721         0
   214/499     2.36G   0.02524   0.01936         0   0.04459         3       640    0.8025    0.9316    0.9469    0.7394         0   0.01711         0
   215/499     2.36G   0.02585   0.01976         0   0.04561         8       640    0.7189     0.953    0.9543    0.7165         0   0.01805         0
   216/499     2.36G   0.02508   0.01908         0   0.04416         2       640    0.7886    0.9444    0.9574    0.7477         0   0.01805         0
   217/499     2.36G   0.02328   0.01876         0   0.04204         2       640    0.8154    0.9487    0.9641    0.7385         0   0.01921         0
   218/499     2.36G   0.02378   0.01767         0   0.04145         2       640    0.8574    0.9188     0.942    0.6777         0   0.01614         0
   219/499     2.36G   0.02535   0.01646         0   0.04181         2       640     0.787    0.9359    0.9486    0.7623         0   0.01592         0
   220/499     2.36G   0.02701   0.01881         0   0.04582         2       640    0.7146    0.8675    0.8988    0.7117         0   0.01512         0
   221/499     2.36G   0.02633   0.01923         0   0.04556         5       640    0.7841    0.9402    0.9497    0.7692         0   0.01769         0
   222/499     2.36G   0.02496    0.0172         0   0.04216         4       640    0.7774    0.9487    0.9566     0.761         0   0.01673         0
   223/499     2.36G   0.02801   0.01721         0   0.04521         4       640    0.7647    0.9316    0.9458    0.7612         0   0.01736         0
   224/499     2.36G   0.02573   0.01992         0   0.04565         6       640    0.9384    0.8932    0.9335    0.7507         0   0.01458         0
   225/499     2.36G   0.02602   0.02172         0   0.04775        13       640    0.8766    0.9231      0.94    0.7725         0   0.01496         0
   226/499     2.36G   0.02566   0.01798         0   0.04364         5       640    0.8298    0.9402    0.9566    0.7683         0   0.01674         0
   227/499     2.36G   0.02465   0.01802         0   0.04266         5       640    0.7164    0.9444    0.9517    0.7811         0   0.01817         0
   228/499     2.36G   0.02668   0.01905         0   0.04573         4       640    0.6208    0.9145    0.9253    0.7494         0   0.01681         0
   229/499     2.36G   0.02313   0.01878         0   0.04191         1       640    0.8568    0.9316    0.9531    0.7565         0   0.01828         0
   230/499     2.36G   0.02711   0.01863         0   0.04573         4       640    0.8411    0.9276    0.9499    0.7388         0   0.01728         0
   231/499     2.36G   0.02718   0.01792         0    0.0451         2       640    0.7882    0.9487    0.9568    0.7515         0   0.01668         0
   232/499     2.36G   0.02601   0.01644         0   0.04246         1       640    0.6632    0.9487    0.9493    0.7714         0    0.0192         0
   233/499     2.36G   0.02709   0.01882         0   0.04591         4       640    0.8884    0.9359    0.9497    0.7621         0    0.0169         0
   234/499     2.36G   0.02441   0.01977         0   0.04418        12       640    0.9268    0.9193    0.9528    0.7514         0   0.01431         0
   235/499     2.36G   0.02424   0.01793         0   0.04217         3       640    0.8085    0.9274     0.943    0.7575         0   0.01826         0
   236/499     2.36G   0.02252   0.01769         0   0.04021         2       640    0.8476    0.9487    0.9558    0.7968         0   0.01803         0
   237/499     2.36G   0.02371   0.01642         0   0.04014         2       640    0.8738    0.9274    0.9461    0.7671         0   0.01651         0
   238/499     2.36G   0.02474   0.01625         0   0.04099         2       640    0.8731    0.9359    0.9504    0.7828         0   0.01922         0
   239/499     2.36G   0.02301   0.01694         0   0.03994         3       640    0.8434    0.9438    0.9586    0.7834         0   0.01768         0
   240/499     2.36G   0.02227   0.01765         0   0.03992         7       640    0.9263    0.9231    0.9487    0.7803         0   0.01837         0
   241/499     2.36G   0.02498   0.01742         0    0.0424         4       640    0.8832    0.9145    0.9443    0.7712         0   0.01525         0
   242/499     2.36G   0.02371   0.01854         0   0.04225         8       640    0.9432    0.9017    0.9349    0.7531         0    0.0151         0
   243/499     2.36G   0.02389   0.01748         0   0.04137         5       640    0.9643    0.9243    0.9516    0.7784         0   0.01468         0
   244/499     2.36G   0.02363   0.01746         0   0.04109         3       640    0.7317    0.9444     0.951    0.7638         0   0.01714         0
   245/499     2.36G   0.02406   0.01797         0   0.04202         3       640    0.7164    0.9402    0.9522    0.7565         0   0.01901         0
   246/499     2.36G   0.02514   0.01759         0   0.04272         3       640    0.8394    0.9316    0.9525    0.7485         0   0.01658         0
   247/499     2.36G   0.02523   0.01827         0   0.04349         1       640    0.8056    0.9487    0.9612    0.7623         0   0.01806         0
   248/499     2.36G   0.02376   0.01884         0   0.04259        10       640    0.8549     0.953    0.9596    0.7806         0   0.01647         0
   249/499     2.36G   0.02508   0.01977         0   0.04485         5       640    0.6424    0.9359    0.9469    0.7753         0   0.01795         0
   250/499     2.36G   0.02668   0.01996         0   0.04664         5       640    0.7732    0.9402    0.9461    0.7676         0   0.01838         0
   251/499     2.36G   0.02285   0.01813         0   0.04098         4       640    0.7944    0.9359    0.9546    0.7764         0   0.01864         0
   252/499     2.36G   0.02156   0.01717         0   0.03872         1       640    0.8582    0.9359    0.9557    0.7968         0   0.01826         0
   253/499     2.36G   0.02383   0.01938         0   0.04322         7       640    0.8067    0.9444    0.9545    0.7763         0   0.01918         0
   254/499     2.36G   0.02309    0.0166         0   0.03969         2       640    0.9138    0.9231    0.9433    0.7861         0   0.01741         0
   255/499     2.36G   0.02223   0.01738         0   0.03961         5       640    0.8397    0.9359    0.9573    0.7906         0   0.01909         0
   256/499     2.36G   0.02335   0.01769         0   0.04104         4       640    0.7581    0.9444    0.9537    0.7748         0   0.01738         0
   257/499     2.36G   0.02175   0.01857         0   0.04032         4       640    0.7716     0.953    0.9625    0.7995         0   0.01856         0
   258/499     2.36G   0.02537   0.01819         0   0.04357         4       640      0.93    0.9017    0.9354    0.7575         0   0.01702         0
   259/499     2.36G   0.02226   0.01766         0   0.03992         2       640    0.8742    0.9274    0.9509    0.7763         0   0.01632         0
   260/499     2.36G     0.022   0.01806         0   0.04006         2       640    0.6932    0.9487      0.95    0.7856         0   0.02002         0
   261/499     2.36G   0.02315   0.01795         0    0.0411         9       640     0.913    0.9316    0.9598    0.7915         0   0.01507         0
   262/499     2.36G   0.02362   0.01813         0   0.04175         1       640    0.6997    0.9316    0.9468    0.7713         0   0.01839         0
   263/499     2.36G   0.02281   0.01704         0   0.03985         1       640    0.9137    0.9444    0.9663    0.7947         0    0.0167         0
   264/499     2.36G   0.02318   0.01792         0    0.0411         4       640    0.6937    0.9658    0.9701    0.8014         0   0.01938         0
   265/499     2.36G   0.02397   0.01803         0     0.042         2       640    0.7904    0.9509    0.9659    0.7817         0   0.01768         0
   266/499     2.36G   0.02584   0.01918         0   0.04502        12       640    0.8399    0.9444    0.9611    0.7742         0   0.01738         0
   267/499     2.36G   0.02364   0.01658         0   0.04022         1       640    0.8076     0.953    0.9632    0.7792         0   0.01671         0
   268/499     2.36G   0.02283   0.01844         0   0.04127         5       640    0.4298    0.9573    0.9039    0.7464         0   0.01971         0
   269/499     2.36G   0.02107    0.0173         0   0.03837         6       640     0.782    0.9402    0.9448     0.735         0   0.01594         0
   270/499     2.36G   0.02292   0.01699         0   0.03991         4       640     0.913    0.9316    0.9536    0.7947         0   0.01663         0
   271/499     2.36G   0.02439   0.01834         0   0.04273         2       640    0.9019    0.9231    0.9519    0.7719         0   0.01639         0
   272/499     2.36G   0.02266   0.01605         0   0.03871         1       640    0.8578    0.9444    0.9548    0.7811         0   0.01891         0
   273/499     2.36G   0.02314   0.01901         0   0.04214        11       640     0.884    0.9359    0.9519    0.8012         0   0.01847         0
   274/499     2.36G   0.02363   0.01667         0    0.0403        10       640    0.9123    0.9402    0.9636    0.8005         0   0.01784         0
   275/499     2.36G   0.02339   0.01754         0   0.04093         2       640    0.9146    0.9274    0.9592    0.7954         0   0.01802         0
   276/499     2.36G    0.0219   0.02019         0   0.04208        21       640    0.7557    0.9487    0.9562    0.7941         0    0.0189         0
   277/499     2.36G   0.02008   0.01633         0   0.03641         0       640    0.8477    0.9275    0.9598    0.7828         0   0.01972         0
   278/499     2.36G   0.02274    0.0171         0   0.03984         2       640    0.9047    0.9402    0.9626    0.7972         0   0.01986         0
   279/499     2.36G   0.02532    0.0188         0   0.04412         6       640    0.7072    0.9444    0.9581    0.7717         0   0.01944         0
   280/499     2.36G   0.02164   0.01761         0   0.03925         2       640    0.7628    0.9487    0.9642    0.7494         0   0.01793         0
   281/499     2.36G   0.02603   0.01739         0   0.04342         4       640    0.9278    0.9402    0.9618    0.7571         0   0.01422         0
   282/499     2.36G   0.02091   0.01583         0   0.03673         3       640    0.8881    0.9444     0.954     0.794         0   0.01684         0
   283/499     2.36G   0.02204   0.01766         0   0.03969         7       640    0.8858    0.9444    0.9636    0.8061         0    0.0178         0
   284/499     2.36G   0.02252   0.01753         0   0.04005         9       640    0.7811    0.9615    0.9663    0.7915         0   0.01938         0
   285/499     2.36G   0.02113   0.01677         0    0.0379         2       640    0.7869    0.9615    0.9705    0.8075         0   0.01943         0
   286/499     2.36G   0.02088   0.01654         0   0.03742         2       640    0.8715    0.9615    0.9727    0.8114         0   0.01908         0
   287/499     2.36G   0.02421   0.01702         0   0.04124         5       640    0.8779    0.9573    0.9716    0.8088         0     0.019         0
   288/499     2.36G   0.02328   0.01745         0   0.04072         5       640    0.9183    0.9487    0.9661    0.8154         0   0.01726         0
   289/499     2.36G    0.0228   0.01641         0   0.03921         7       640    0.9271    0.9444    0.9658    0.7991         0   0.01786         0
   290/499     2.36G   0.02315   0.01712         0   0.04027         9       640     0.859    0.9573    0.9696    0.8023         0   0.01914         0
   291/499     2.36G   0.02337   0.01663         0      0.04         2       640    0.8697    0.9444    0.9633    0.7903         0   0.01623         0
   292/499     2.36G   0.02092   0.01736         0   0.03828         7       640    0.8782    0.9444    0.9564    0.7637         0    0.0157         0
   293/499     2.36G   0.02142   0.01816         0   0.03958         5       640    0.8649    0.9487    0.9621    0.7887         0   0.01865         0
   294/499     2.36G   0.02338   0.01703         0   0.04041         1       640    0.7722     0.953    0.9596     0.666         0   0.01813         0
   295/499     2.36G    0.0219    0.0162         0    0.0381         6       640    0.9207    0.9402    0.9647    0.7882         0   0.01905         0
   296/499     2.36G   0.02161    0.0175         0   0.03911         4       640    0.7934    0.9573     0.965    0.8025         0   0.01957         0
   297/499     2.36G   0.02124   0.01527         0    0.0365         2       640    0.9172    0.9402    0.9549    0.8007         0   0.01799         0
   298/499     2.36G    0.0224    0.0176         0   0.04001         3       640    0.8351    0.9444    0.9612    0.8034         0    0.0201         0
   299/499     2.36G   0.02163   0.01696         0   0.03859         2       640     0.805    0.9487    0.9557    0.7772         0   0.01926         0
   300/499     2.36G   0.02356   0.01721         0   0.04077         5       640    0.8411    0.9487    0.9662    0.7854         0   0.01855         0
   301/499     2.36G   0.02253    0.0194         0   0.04194         7       640    0.8945    0.9402    0.9595    0.7912         0   0.01689         0
   302/499     2.36G   0.01999   0.01593         0   0.03592         2       640    0.8628    0.9274    0.9603    0.7814         0   0.01747         0
   303/499     2.36G   0.02158   0.01746         0   0.03904         2       640    0.8529    0.9444    0.9583    0.7841         0   0.01822         0
   304/499     2.36G   0.02103   0.01616         0   0.03719         1       640    0.7957     0.953    0.9624    0.8005         0   0.01862         0
   305/499     2.36G   0.02259   0.01564         0   0.03824         4       640     0.897    0.9402    0.9681    0.8066         0   0.01954         0
   306/499     2.36G   0.02158   0.01691         0   0.03849         2       640    0.8564    0.9487    0.9592    0.8012         0   0.01914         0
   307/499     2.36G   0.02417   0.01658         0   0.04075         3       640    0.6896    0.9487     0.958    0.7922         0   0.01965         0
   308/499     2.36G   0.02178   0.01665         0   0.03843         3       640    0.8483    0.9444    0.9558    0.8008         0   0.01828         0
   309/499     2.36G   0.02354   0.01692         0   0.04046         4       640    0.7528    0.9444    0.9626    0.8084         0   0.02056         0
   310/499     2.36G   0.02222   0.01767         0   0.03989        10       640    0.9155    0.9402    0.9637    0.8212         0   0.01806         0
   311/499     2.36G    0.0205   0.01584         0   0.03633         1       640    0.9429    0.9359    0.9585    0.8004         0   0.01866         0
   312/499     2.36G   0.02205   0.01738         0   0.03943         7       640    0.8763    0.9316    0.9586    0.7983         0   0.01788         0
   313/499     2.36G   0.02346   0.01771         0   0.04118         4       640    0.7812     0.953    0.9657    0.8002         0   0.01871         0
   314/499     2.36G   0.02371   0.01698         0   0.04069         1       640    0.8831    0.9274    0.9631    0.7923         0   0.01786         0
   315/499     2.36G   0.02467   0.01678         0   0.04145         7       640    0.8817    0.9487    0.9607    0.7907         0   0.01885         0
   316/499     2.36G   0.02464   0.01703         0   0.04167         6       640    0.6181    0.9658    0.9677    0.7883         0    0.0177         0
   317/499     2.36G   0.02076   0.01602         0   0.03678         1       640     0.776     0.953    0.9664    0.8019         0   0.01842         0
   318/499     2.36G    0.0221   0.01695         0   0.03905         1       640    0.8919    0.9402     0.963    0.7839         0   0.01759         0
   319/499     2.36G   0.02476   0.01764         0    0.0424         3       640    0.9201    0.9352    0.9582    0.7902         0   0.01658         0
   320/499     2.36G    0.0232   0.01693         0   0.04013         4       640    0.8823    0.9444    0.9685    0.7937         0   0.01944         0
   321/499     2.36G   0.02128   0.01701         0   0.03828         3       640    0.8455    0.9444    0.9595    0.7857         0   0.02065         0
   322/499     2.36G   0.02025   0.01598         0   0.03624         5       640    0.8204    0.9573    0.9612    0.8007         0   0.01911         0
   323/499     2.36G    0.0202   0.01709         0   0.03729         3       640    0.8918    0.9573    0.9672     0.795         0   0.01849         0
   324/499     2.36G   0.02097   0.01598         0   0.03696         8       640    0.8807    0.9444    0.9647    0.8115         0   0.01944         0
   325/499     2.36G   0.02179   0.01568         0   0.03748         2       640    0.8935    0.9444    0.9728    0.8169         0   0.01878         0
   326/499     2.36G   0.01935   0.01568         0   0.03502         1       640    0.8459    0.9402    0.9639    0.8073         0    0.0207         0
   327/499     2.36G    0.0224   0.01772         0   0.04012         7       640    0.8878    0.9444    0.9676    0.8247         0   0.01951         0
   328/499     2.36G   0.02109   0.01624         0   0.03733         4       640    0.9063    0.9444    0.9641    0.8104         0   0.01912         0
   329/499     2.36G   0.01917   0.01587         0   0.03504         6       640    0.8776    0.9444    0.9585    0.8047         0   0.01972         0
   330/499     2.36G   0.02098   0.01687         0   0.03784         2       640    0.9292     0.954     0.968    0.8045         0   0.01937         0
   331/499     2.36G   0.02211   0.01685         0   0.03897         3       640    0.8341    0.9402    0.9651    0.8035         0    0.0189         0
   332/499     2.36G   0.02121   0.01566         0   0.03687         2       640    0.8439    0.9573    0.9674    0.7911         0   0.02053         0
   333/499     2.36G   0.02056   0.01533         0   0.03589         1       640    0.8307    0.9615    0.9651    0.8118         0   0.01992         0
   334/499     2.36G   0.01813   0.01469         0   0.03282         1       640    0.7801    0.9444    0.9515    0.8051         0   0.02112         0
   335/499     2.36G   0.01954   0.01515         0   0.03469         1       640    0.8038    0.9274    0.9463    0.7926         0   0.01918         0
   336/499     2.36G   0.01821   0.01592         0   0.03413         5       640    0.7888    0.9487    0.9628    0.7993         0   0.02002         0
   337/499     2.36G   0.02075   0.01566         0   0.03641         3       640    0.8865    0.9444    0.9663    0.8105         0   0.01878         0
   338/499     2.36G   0.02138   0.01825         0   0.03963        12       640    0.8304    0.9444    0.9526    0.8147         0   0.01997         0
   339/499     2.36G   0.02106   0.01547         0   0.03653         5       640    0.8646    0.9444    0.9569     0.811         0   0.01937         0
   340/499     2.36G   0.01988   0.01588         0   0.03576         2       640     0.921    0.9444    0.9611    0.8077         0   0.02005         0
   341/499     2.36G   0.02018   0.01532         0    0.0355         1       640    0.9246    0.9429    0.9611    0.8225         0   0.01874         0
   342/499     2.36G   0.01989   0.01543         0   0.03532         1       640    0.8768    0.9359    0.9583    0.8075         0   0.01885         0
   343/499     2.36G   0.02078   0.01525         0   0.03604         1       640    0.8166    0.9487    0.9598    0.8232         0     0.021         0
   344/499     2.36G   0.01892   0.01586         0   0.03478         2       640     0.847    0.9444    0.9595     0.811         0   0.01999         0
   345/499     2.36G   0.02148    0.0166         0   0.03809         9       640    0.7703    0.9615    0.9692    0.7837         0   0.02072         0
   346/499     2.36G   0.01993   0.01523         0   0.03516         1       640    0.8055    0.9402    0.9627    0.8045         0   0.01929         0
   347/499     2.36G   0.02248   0.01633         0   0.03881         4       640    0.9396    0.9311    0.9589    0.8186         0   0.01834         0
   348/499     2.36G   0.01982   0.01429         0   0.03411         2       640    0.9661    0.9316    0.9608    0.8262         0   0.01778         0
   349/499     2.36G   0.01893   0.01479         0   0.03372         0       640     0.934    0.9359    0.9614    0.8123         0   0.01914         0
   350/499     2.36G   0.02323   0.01579         0   0.03903         5       640    0.9026    0.9402    0.9649    0.8122         0   0.01986         0
   351/499     2.36G    0.0205   0.01636         0   0.03686         7       640    0.9047    0.9402    0.9672    0.8128         0   0.01933         0
   352/499     2.36G    0.0199   0.01579         0   0.03569         2       640    0.8721    0.9573    0.9724    0.8223         0   0.01893         0
   353/499     2.36G    0.0206   0.01456         0   0.03516         1       640    0.8913    0.9444    0.9562    0.8094         0   0.01954         0
   354/499     2.36G   0.02066   0.01466         0   0.03533         3       640    0.8532    0.9444    0.9668    0.8065         0   0.02047         0
   355/499     2.36G   0.02282   0.01712         0   0.03994         4       640    0.8928    0.9359    0.9526     0.793         0   0.01907         0
   356/499     2.36G   0.01926   0.01546         0   0.03472         3       640    0.9086     0.953    0.9756    0.8027         0   0.01889         0
   357/499     2.36G   0.02155   0.01574         0   0.03729         8       640    0.8724    0.9444    0.9642    0.8226         0   0.01955         0
   358/499     2.36G    0.0209   0.01485         0   0.03575         1       640    0.8587    0.9444    0.9608    0.8115         0   0.01975         0
   359/499     2.36G   0.01986   0.01513         0   0.03499         1       640    0.7651    0.9573    0.9675    0.8151         0   0.02049         0
   360/499     2.36G   0.02362   0.01637         0   0.03999         5       640    0.7489    0.9444    0.9613    0.8058         0   0.02139         0
   361/499     2.36G   0.02243   0.01574         0   0.03817         5       640    0.8031    0.9487    0.9625    0.7819         0   0.01956         0
   362/499     2.36G   0.02095     0.015         0   0.03595         3       640    0.8443    0.9573    0.9705    0.8234         0   0.01959         0
   363/499     2.36G   0.02307   0.01646         0   0.03953         4       640    0.8882    0.9487    0.9667    0.7873         0   0.01881         0
   364/499     2.36G   0.01872   0.01483         0   0.03355         5       640    0.8777    0.9402    0.9544    0.8035         0    0.0201         0
   365/499     2.36G   0.02182   0.01614         0   0.03796         3       640    0.8739    0.9487    0.9645     0.827         0   0.01962         0
   366/499     2.36G   0.01948   0.01564         0   0.03512         1       640    0.7756    0.9658    0.9722    0.8188         0   0.02146         0
   367/499     2.36G   0.01854   0.01618         0   0.03472         5       640    0.8509    0.9513    0.9679    0.8212         0   0.02092         0
   368/499     2.36G   0.01943   0.01495         0   0.03438         1       640    0.8587     0.953    0.9673    0.8225         0   0.01987         0
   369/499     2.36G   0.02002   0.01482         0   0.03484         3       640    0.8547    0.9487    0.9697    0.8298         0   0.01976         0
   370/499     2.36G    0.0213   0.01665         0   0.03795         9       640    0.8516    0.9402    0.9644    0.8021         0   0.01877         0
   371/499     2.36G    0.0192   0.01512         0   0.03432         1       640    0.8457    0.9487     0.968    0.8231         0   0.02018         0
   372/499     2.36G   0.01844   0.01451         0   0.03296         0       640    0.9014    0.9487    0.9723    0.8311         0   0.02035         0
   373/499     2.36G   0.02018   0.01628         0   0.03646         7       640    0.9242    0.9444    0.9724    0.8314         0   0.01933         0
   374/499     2.36G   0.01878   0.01521         0   0.03399         3       640    0.8975    0.9444     0.975    0.8278         0   0.01918         0
   375/499     2.36G   0.01873   0.01553         0   0.03427         3       640    0.8711    0.9487    0.9663    0.8183         0   0.01922         0
   376/499     2.36G   0.01908   0.01499         0   0.03407         2       640    0.8917     0.953    0.9607    0.8167         0   0.01947         0
   377/499     2.36G   0.01936   0.01442         0   0.03377         2       640    0.9133    0.9487    0.9608    0.8111         0   0.01961         0
   378/499     2.36G   0.02006   0.01629         0   0.03635        10       640    0.8672    0.9402    0.9598    0.8097         0   0.01961         0
   379/499     2.36G   0.02047   0.01473         0    0.0352         2       640    0.7963    0.9523    0.9574    0.8214         0   0.02031         0
   380/499     2.36G   0.01939   0.01614         0   0.03553        11       640    0.8792    0.9487    0.9596    0.8207         0   0.02001         0
   381/499     2.36G   0.01914   0.01623         0   0.03536         5       640     0.866     0.953     0.969    0.8098         0   0.02045         0
   382/499     2.36G   0.01896    0.0148         0   0.03376         9       640    0.8658    0.9402    0.9648    0.8095         0    0.0184         0
   383/499     2.36G   0.01964   0.01502         0   0.03466         7       640    0.9381    0.9487    0.9678    0.8193         0   0.01948         0
   384/499     2.36G   0.01984   0.01683         0   0.03667        11       640    0.9389    0.9402    0.9721     0.825         0   0.01978         0
   385/499     2.36G   0.02037   0.01565         0   0.03602         4       640    0.8774    0.9573    0.9733     0.828         0   0.02046         0
   386/499     2.36G   0.02121   0.01595         0   0.03716         4       640    0.8809    0.9573    0.9707    0.8264         0   0.02158         0
   387/499     2.36G   0.01952   0.01568         0    0.0352         4       640    0.8014    0.9615    0.9741    0.8269         0   0.02183         0
   388/499     2.36G   0.01706   0.01387         0   0.03093         4       640    0.7458    0.9744    0.9753    0.8291         0   0.02174         0
   389/499     2.36G   0.01746   0.01386         0   0.03132         2       640    0.7733    0.9658    0.9696    0.8264         0   0.02288         0
   390/499     2.36G     0.018   0.01442         0   0.03242         2       640    0.8251    0.9615    0.9752    0.8202         0   0.02222         0
   391/499     2.36G   0.01812   0.01388         0   0.03201         2       640    0.8304    0.9701     0.974    0.8091         0   0.02092         0
   392/499     2.36G   0.01791   0.01599         0    0.0339         4       640    0.9059     0.953    0.9668    0.7998         0   0.01998         0
   393/499     2.36G   0.01872    0.0149         0   0.03362         3       640    0.8701    0.9443    0.9645     0.823         0    0.0206         0
   394/499     2.36G   0.01705   0.01469         0   0.03174         3       640     0.886    0.9359    0.9614     0.832         0   0.02063         0
   395/499     2.36G   0.01926   0.01616         0   0.03542         8       640    0.8916    0.9444    0.9642    0.8202         0   0.02062         0
   396/499     2.36G   0.01759   0.01447         0   0.03206         0       640    0.9135    0.9402    0.9631     0.824         0   0.01899         0
   397/499     2.36G   0.01708   0.01389         0   0.03097         1       640    0.8294     0.953    0.9623     0.831         0   0.02048         0
   398/499     2.36G   0.01772   0.01365         0   0.03138         2       640     0.843    0.9487    0.9587    0.8243         0   0.02139         0
   399/499     2.36G    0.0171   0.01577         0   0.03287         1       640    0.8288     0.953    0.9646     0.822         0   0.02159         0
   400/499     2.36G   0.01689   0.01474         0   0.03163         1       640    0.8381    0.9487     0.971    0.8267         0   0.02008         0
   401/499     2.36G   0.01798   0.01374         0   0.03172         5       640    0.8891    0.9444    0.9679    0.8281         0   0.02055         0
   402/499     2.36G   0.01693   0.01454         0   0.03147         3       640    0.9048    0.9487    0.9723    0.8318         0   0.02172         0
   403/499     2.36G   0.01822   0.01493         0   0.03315         6       640    0.8356    0.9658     0.975    0.8297         0   0.02157         0
   404/499     2.36G   0.01719    0.0142         0   0.03139         1       640    0.8501    0.9615    0.9733    0.8289         0   0.02168         0
   405/499     2.36G      0.02    0.0158         0    0.0358         5       640    0.9258    0.9593    0.9759    0.8374         0   0.02106         0
   406/499     2.36G    0.0184   0.01478         0   0.03318         8       640    0.8998     0.953    0.9704    0.8318         0   0.02092         0
   407/499     2.36G    0.0177   0.01472         0   0.03243         1       640    0.8694    0.9444    0.9703    0.8343         0   0.02086         0
   408/499     2.36G   0.01824    0.0138         0   0.03205         2       640    0.8981    0.9487    0.9672    0.8276         0   0.02007         0
   409/499     2.36G   0.01887   0.01526         0   0.03412         5       640    0.8883    0.9658    0.9695    0.8222         0   0.02102         0
   410/499     2.36G   0.01855   0.01655         0    0.0351         4       640    0.9054    0.9402    0.9605    0.8249         0   0.02086         0
   411/499     2.36G   0.01757   0.01445         0   0.03202         2       640    0.9328    0.9444    0.9743    0.8287         0   0.01957         0
   412/499     2.36G   0.01851    0.0142         0   0.03271         1       640    0.9377    0.9573    0.9738    0.8387         0   0.01947         0
   413/499     2.36G   0.02002   0.01544         0   0.03547         2       640    0.9091    0.9573    0.9743     0.824         0   0.02128         0
   414/499     2.36G   0.01743   0.01439         0   0.03183         0       640    0.8345    0.9573    0.9675    0.8214         0   0.02119         0
   415/499     2.36G   0.01868   0.01445         0   0.03312         1       640    0.8798    0.9487    0.9672    0.8318         0      0.02         0
   416/499     2.36G   0.01896   0.01441         0   0.03336         2       640    0.9335    0.9487    0.9722    0.8142         0    0.0198         0
   417/499     2.36G   0.01929   0.01423         0   0.03352         5       640     0.913    0.9573     0.971    0.8343         0    0.0213         0
   418/499     2.36G   0.01906   0.01439         0   0.03345         8       640    0.9118    0.9573    0.9722    0.8139         0   0.02135         0
   419/499     2.36G    0.0204   0.01546         0   0.03586         4       640     0.812    0.9573    0.9724    0.8213         0   0.02125         0
   420/499     2.36G   0.01866   0.01439         0   0.03305         3       640    0.8702    0.9487    0.9618    0.8254         0   0.02146         0
   421/499     2.36G   0.01823   0.01407         0    0.0323         9       640    0.8569     0.953    0.9742    0.8377         0   0.02152         0
   422/499     2.36G   0.01835   0.01415         0    0.0325         8       640     0.806    0.9658    0.9724    0.8271         0   0.02265         0
   423/499     2.36G   0.01708   0.01426         0   0.03134        11       640    0.7816    0.9573    0.9705    0.8183         0    0.0213         0
   424/499     2.36G   0.01723   0.01325         0   0.03048         1       640    0.8578    0.9573    0.9705    0.8276         0   0.02105         0
   425/499     2.36G   0.01878    0.0141         0   0.03288         1       640    0.8961     0.953    0.9698    0.8292         0   0.02173         0
   426/499     2.36G   0.02031   0.01458         0    0.0349         4       640    0.8688    0.9615    0.9718    0.8276         0   0.02047         0
   427/499     2.36G   0.02055   0.01613         0   0.03668         6       640    0.8886    0.9573    0.9741    0.8356         0   0.01918         0
   428/499     2.36G   0.01869   0.01424         0   0.03293         5       640    0.9098    0.9487    0.9697     0.832         0   0.02031         0
   429/499     2.36G   0.01885   0.01404         0   0.03289         3       640    0.8364     0.961    0.9731    0.8271         0   0.02107         0
   430/499     2.36G   0.01767   0.01541         0   0.03307         1       640     0.809    0.9701    0.9769    0.8255         0   0.02177         0
   431/499     2.36G   0.01976   0.01362         0   0.03338         1       640    0.8498    0.9658    0.9738    0.8231         0     0.022         0
   432/499     2.36G   0.01737   0.01374         0   0.03111         0       640    0.8993    0.9402    0.9616    0.8253         0   0.02128         0
   433/499     2.36G   0.02121   0.01501         0   0.03622         2       640    0.7658    0.9402    0.9532    0.8033         0   0.02183         0
   434/499     2.36G   0.01829    0.0147         0   0.03299         6       640    0.7649    0.9444    0.9598    0.8126         0   0.02186         0
   435/499     2.36G    0.0204    0.0154         0   0.03579         6       640    0.9073    0.9487     0.971    0.8243         0   0.02023         0
   436/499     2.36G   0.02016   0.01506         0   0.03523         4       640     0.862    0.9573    0.9709    0.8206         0   0.02119         0
   437/499     2.36G   0.01792   0.01479         0   0.03272         5       640    0.8382    0.9444    0.9704    0.8206         0    0.0209         0
   438/499     2.36G   0.01725   0.01506         0   0.03231         2       640    0.8731    0.9444    0.9659    0.8397         0   0.02088         0
   439/499     2.36G   0.01827   0.01431         0   0.03259         7       640    0.8867    0.9573    0.9708    0.8326         0   0.02092         0
   440/499     2.36G   0.01963    0.0142         0   0.03383         4       640    0.9093     0.953      0.97    0.8306         0   0.02118         0
   441/499     2.36G   0.01832   0.01547         0   0.03378         3       640    0.8048    0.9658    0.9738    0.8284         0   0.02156         0
   442/499     2.36G     0.019   0.01387         0   0.03287         3       640     0.822    0.9701     0.974    0.8434         0    0.0215         0
   443/499     2.36G   0.01791   0.01496         0   0.03287         2       640    0.8845    0.9615    0.9748    0.8342         0   0.02065         0
   444/499     2.36G   0.01947   0.01403         0    0.0335         1       640    0.8336    0.9615    0.9737    0.8363         0   0.02128         0
   445/499     2.36G   0.01976   0.01479         0   0.03455         7       640    0.8091    0.9573    0.9711    0.8249         0   0.02204         0
   446/499     2.36G   0.01715   0.01391         0   0.03106         1       640    0.8553    0.9615    0.9697    0.8194         0    0.0214         0
   447/499     2.36G   0.01611   0.01377         0   0.02988         2       640    0.8777    0.9573    0.9737    0.8394         0   0.02092         0
   448/499     2.36G   0.01962   0.01379         0   0.03341         2       640    0.9286    0.9443    0.9722    0.8379         0   0.02095         0
   449/499     2.36G   0.01766   0.01371         0   0.03136         2       640    0.9318    0.9444    0.9716    0.8336         0   0.02126         0
   450/499     2.36G   0.01775   0.01386         0   0.03161         2       640    0.9185    0.9444    0.9732    0.8112         0   0.02091         0
   451/499     2.36G   0.01674   0.01319         0   0.02993         2       640    0.8963    0.9573    0.9759    0.8149         0   0.02072         0
   452/499     2.36G   0.01779   0.01519         0   0.03297         3       640    0.8681    0.9615     0.974    0.8391         0   0.02034         0
   453/499     2.36G   0.01677   0.01401         0   0.03078         2       640    0.9134    0.9471    0.9733    0.8358         0   0.01997         0
   454/499     2.36G   0.01739   0.01357         0   0.03096         2       640    0.8628    0.9615    0.9751    0.8429         0   0.02085         0
   455/499     2.36G   0.01668   0.01394         0   0.03062         3       640     0.836    0.9573    0.9718    0.8318         0   0.02086         0
   456/499     2.36G   0.01732   0.01375         0   0.03107         2       640    0.8522    0.9573    0.9721    0.8307         0   0.02167         0
   457/499     2.36G   0.01852   0.01419         0    0.0327         5       640    0.7953    0.9487    0.9622    0.8245         0    0.0221         0
   458/499     2.36G     0.017   0.01359         0   0.03059         2       640    0.8685    0.9444    0.9624     0.818         0   0.02085         0
   459/499     2.36G   0.01734   0.01293         0   0.03027         1       640    0.8953    0.9444    0.9677     0.826         0   0.02111         0
   460/499     2.36G   0.02081   0.01502         0   0.03583         3       640    0.9153    0.9573    0.9777    0.8301         0   0.02078         0
   461/499     2.36G   0.01854   0.01443         0   0.03297         0       640    0.8891    0.9615    0.9751    0.8312         0    0.0196         0
   462/499     2.36G   0.01835   0.01503         0   0.03339         3       640    0.8219    0.9658     0.975    0.8133         0   0.02045         0
   463/499     2.36G    0.0198   0.01457         0   0.03437         4       640     0.852     0.953    0.9707    0.8249         0   0.02025         0
   464/499     2.36G   0.01747   0.01357         0   0.03104         2       640     0.872    0.9487    0.9657     0.839         0   0.02082         0
   465/499     2.36G   0.01822   0.01422         0   0.03243         8       640    0.8872    0.9573    0.9711    0.8306         0   0.02158         0
   466/499     2.36G   0.01853   0.01479         0   0.03332         4       640    0.8332    0.9487    0.9682     0.821         0   0.02107         0
   467/499     2.36G   0.01607   0.01342         0   0.02949         3       640    0.8727    0.9487    0.9652    0.8303         0   0.02059         0
   468/499     2.36G   0.01609   0.01314         0   0.02923         2       640    0.9049    0.9487    0.9676     0.835         0   0.02079         0
   469/499     2.36G   0.01594   0.01362         0   0.02956         1       640    0.8533     0.953    0.9676     0.838         0   0.02241         0
   470/499     2.36G   0.02013   0.01335         0   0.03349         4       640    0.8781     0.953    0.9678     0.834         0   0.02175         0
   471/499     2.36G   0.02007   0.01566         0   0.03574         4       640    0.8882    0.9444    0.9646    0.8309         0   0.02177         0
   472/499     2.36G   0.01626   0.01376         0   0.03001         2       640    0.8713     0.953    0.9718    0.8279         0   0.02155         0
   473/499     2.36G   0.01765   0.01454         0   0.03219         2       640    0.9107     0.953    0.9755    0.8414         0   0.02113         0
   474/499     2.36G   0.01777   0.01411         0   0.03189         9       640    0.8994     0.953    0.9747     0.842         0   0.02152         0
   475/499     2.36G   0.01795   0.01499         0   0.03294         5       640    0.8729     0.953    0.9719    0.8328         0   0.02147         0
   476/499     2.36G   0.01785   0.01524         0   0.03308        16       640    0.8829    0.9487    0.9651     0.834         0    0.0223         0
   477/499     2.36G   0.01858    0.0138         0   0.03238         2       640    0.8531    0.9487    0.9573    0.8214         0   0.02262         0
   478/499     2.36G   0.01814   0.01435         0   0.03248         7       640    0.8478    0.9444    0.9597    0.8297         0   0.02193         0
   479/499     2.36G   0.01937   0.01295         0   0.03232         4       640    0.9152    0.9444    0.9627    0.8308         0   0.02214         0
   480/499     2.36G   0.01697   0.01434         0   0.03132         6       640    0.9085    0.9487    0.9688    0.8318         0   0.02162         0
   481/499     2.36G   0.01789   0.01454         0   0.03243         5       640    0.8898     0.953    0.9714    0.8332         0   0.02112         0
   482/499     2.36G   0.01733   0.01486         0    0.0322         3       640    0.8917     0.953    0.9676    0.8288         0   0.02037         0
   483/499     2.36G   0.01957   0.01344         0   0.03302         1       640     0.918    0.9487    0.9649    0.8291         0   0.02015         0
   484/499     2.36G    0.0185   0.01588         0   0.03438        12       640     0.904    0.9444     0.969     0.824         0   0.02042         0
   485/499     2.36G    0.0171   0.01333         0   0.03044         2       640    0.9285    0.9444    0.9654    0.8351         0   0.02003         0
   486/499     2.36G   0.01694   0.01314         0   0.03008         3       640    0.8629    0.9658    0.9757    0.8262         0    0.0207         0
   487/499     2.36G   0.01698   0.01393         0   0.03091         3       640    0.8487    0.9701    0.9766    0.8379         0   0.02105         0
   488/499     2.36G   0.01674   0.01353         0   0.03027         5       640     0.833    0.9615    0.9749    0.8369         0   0.02099         0
   489/499     2.36G    0.0167   0.01473         0   0.03143         6       640    0.8547    0.9573    0.9684    0.8347         0   0.02116         0
   490/499     2.36G   0.01838   0.01386         0   0.03224         1       640    0.8763     0.953    0.9697    0.8397         0   0.02098         0
   491/499     2.36G   0.01704   0.01346         0    0.0305         1       640    0.8805    0.9615    0.9725    0.8311         0   0.02114         0
   492/499     2.36G    0.0166   0.01325         0   0.02985         2       640    0.9132    0.9573    0.9756    0.8329         0   0.02077         0
   493/499     2.36G   0.01667   0.01492         0   0.03159        11       640    0.9429    0.9573    0.9779    0.8369         0   0.02128         0
   494/499     2.36G   0.01715   0.01393         0   0.03109         4       640    0.9333    0.9569    0.9736    0.8419         0   0.02068         0
   495/499     2.36G   0.01578   0.01277         0   0.02855         2       640    0.9333     0.953    0.9746    0.8402         0   0.02148         0
   496/499     2.36G   0.01689   0.01365         0   0.03054         4       640    0.9188    0.9658    0.9729    0.8395         0   0.02227         0
   497/499     2.36G   0.01596   0.01276         0   0.02872         2       640    0.8613    0.9615    0.9773    0.8397         0   0.02217         0
   498/499     2.36G   0.01666   0.01405         0   0.03071         1       640    0.7575    0.9658    0.9748    0.8358         0   0.02169         0
   499/499     2.36G   0.01806   0.01388         0   0.03194         5       640    0.7585    0.9658    0.9722    0.8292         0   0.02164         0
