      0/99     2.16G   0.02419   0.01649         0   0.04068        49       640    0.6178    0.9023    0.9178    0.7208         0   0.01782         0
      1/99     2.29G   0.02192   0.01579         0   0.03771        40       640    0.6979    0.9531    0.9554    0.8004         0   0.01891         0
      2/99     2.29G   0.02077   0.01599         0   0.03676        38       640     0.748    0.9062     0.933    0.7232         0   0.01661         0
      3/99     2.29G   0.02165   0.01675         0   0.03839        47       640    0.8508    0.9688    0.9806    0.7695         0    0.0168         0
      4/99     2.29G   0.02235   0.01702         0   0.03936        34       640    0.8119    0.9531    0.9652     0.773         0   0.01838         0
      5/99     2.29G   0.02186   0.01668         0   0.03853        45       640     0.627    0.8945    0.9089    0.6904         0   0.01367         0
      6/99     2.29G   0.02457   0.01809         0   0.04266        34       640    0.5071    0.9609    0.9572    0.7371         0   0.01888         0
      7/99     2.29G   0.02354   0.01608         0   0.03962        67       640     0.686    0.6875    0.7035    0.5434         0   0.01029         0
      8/99     2.29G   0.02508   0.01634         0   0.04142        45       640    0.6253    0.9336    0.9379    0.7315         0   0.01459         0
      9/99     2.29G   0.02324   0.01768         0   0.04092        51       640    0.8389    0.8125    0.8554    0.5891         0   0.01048         0
     10/99     2.29G   0.02541   0.01902         0   0.04442        50       640       0.8    0.9258    0.9466    0.7245         0   0.01698         0
     11/99     2.29G   0.02577   0.01693         0    0.0427        51       640    0.4075    0.9141    0.9097    0.6607         0    0.0197         0
     12/99     2.29G   0.02617   0.01948         0   0.04565        36       640    0.4906    0.9336    0.9191    0.7113         0    0.0185         0
     13/99     2.29G   0.02549   0.01911         0    0.0446        49       640    0.5288    0.9414    0.9356    0.7032         0   0.01557         0
     14/99     2.29G   0.02704   0.01961         0   0.04665        51       640    0.6425    0.8711    0.8875    0.6944         0   0.01433         0
     15/99     2.29G   0.02623   0.01749         0   0.04372        26       640    0.8385     0.918    0.9407    0.6963         0   0.01394         0
     16/99     2.29G   0.02603   0.01888         0   0.04491        41       640    0.5297     0.918     0.922    0.6934         0   0.01937         0
     17/99     2.29G   0.02724   0.01948         0   0.04672        42       640    0.6251    0.9297    0.9315    0.6989         0   0.01753         0
     18/99     2.29G   0.02687   0.01878         0   0.04565        51       640    0.3547    0.7344      0.71     0.474         0    0.0139         0
     19/99     2.29G   0.02598   0.02032         0   0.04631        44       640     0.666    0.7578    0.7733    0.5437         0   0.01025         0
     20/99     2.29G   0.02871   0.02085         0   0.04955        40       640    0.3948     0.957    0.7986    0.5752         0   0.01737         0
     21/99     2.29G   0.02808   0.02026         0   0.04834        52       640    0.8475    0.8789    0.9178    0.6306         0   0.01279         0
     22/99     2.29G   0.02839    0.0198         0   0.04819        29       640    0.8168    0.8438    0.8914    0.6372         0   0.01363         0
     23/99     2.29G   0.02875   0.01982         0   0.04857        42       640    0.5437    0.9414    0.9414    0.5604         0   0.01725         0
     24/99     2.29G   0.02854   0.02179         0   0.05034        48       640    0.6564     0.875    0.8933     0.657         0   0.01578         0
     25/99     2.29G   0.02812   0.02041         0   0.04853        33       640    0.3413    0.8672    0.8541    0.5873         0    0.0191         0
     26/99     2.29G   0.02853   0.01998         0    0.0485        46       640    0.4495    0.8555    0.8369    0.5979         0   0.01937         0
     27/99     2.29G   0.02688   0.01915         0   0.04604        56       640    0.6101    0.8867    0.9041    0.6976         0   0.01979         0
     28/99     2.29G   0.02765   0.01874         0   0.04638        46       640     0.654    0.7578    0.7873    0.5941         0   0.01171         0
     29/99     2.29G   0.02778    0.0196         0   0.04738        35       640    0.4483    0.9492    0.9351     0.652         0    0.0196         0
     30/99     2.29G   0.02703   0.02016         0   0.04719        53       640    0.7602    0.8792     0.907    0.6663         0   0.01336         0
     31/99     2.29G   0.02768   0.01899         0   0.04667        32       640    0.5442    0.9258    0.9247    0.7102         0   0.01816         0
     32/99     2.29G    0.0273   0.01853         0   0.04584        40       640    0.5879    0.9531    0.9498    0.6607         0   0.01707         0
     33/99     2.29G    0.0269   0.01956         0   0.04645        41       640     0.533    0.9492    0.9404    0.7314         0   0.01825         0
     34/99     2.29G   0.02551   0.01817         0   0.04368        54       640    0.7073    0.8828    0.9067    0.6928         0   0.01835         0
     35/99     2.29G    0.0259     0.018         0    0.0439        37       640    0.7009    0.9141    0.9382    0.7327         0   0.01784         0
     36/99     2.29G   0.02541   0.01884         0   0.04425        45       640    0.8248    0.9453    0.9475    0.7502         0    0.0165         0
     37/99     2.29G   0.02689   0.01934         0   0.04623        42       640    0.4881    0.8516    0.8542    0.6503         0   0.01753         0
     38/99     2.29G   0.02573   0.01815         0   0.04388        55       640    0.6906    0.9414    0.9558    0.7485         0   0.01736         0
     39/99     2.29G   0.02525   0.01798         0   0.04324        45       640    0.7147    0.9414    0.9538     0.739         0   0.01718         0
     40/99     2.29G   0.02609   0.01726         0   0.04335        42       640     0.544    0.9609    0.9583    0.7328         0   0.01924         0
     41/99     2.29G   0.02529   0.01761         0    0.0429        28       640    0.5974    0.9219    0.9218    0.6797         0   0.01536         0
     42/99     2.29G   0.02489   0.01907         0   0.04396        34       640    0.5539    0.9258    0.8715    0.6576         0   0.01704         0
     43/99     2.29G   0.02579   0.01891         0    0.0447        44       640    0.6603    0.9609    0.9582     0.749         0   0.02033         0
     44/99     2.29G   0.02448   0.01812         0   0.04261        50       640    0.8116    0.9591    0.9673     0.786         0    0.0188         0
     45/99     2.29G   0.02507   0.01831         0   0.04338        38       640    0.7268    0.9414    0.9453    0.7297         0   0.01801         0
     46/99     2.29G   0.02509   0.01886         0   0.04395        40       640    0.6715    0.8906    0.9151    0.7237         0   0.01789         0
     47/99     2.29G   0.02537   0.01822         0   0.04359        47       640    0.7873    0.9336    0.9499    0.7519         0   0.01775         0
     48/99     2.29G   0.02414   0.01737         0   0.04151        34       640    0.6957     0.957    0.9649    0.7522         0     0.018         0
     49/99     2.29G   0.02225   0.01654         0   0.03878        44       640    0.7988    0.9462    0.9611    0.7585         0   0.01872         0
     50/99     2.29G   0.02303   0.01679         0   0.03982        35       640    0.8237    0.9492    0.9667     0.776         0   0.01692         0
     51/99     2.29G   0.02283   0.01728         0   0.04011        52       640    0.7326    0.9688    0.9774    0.7848         0   0.01994         0
     52/99     2.29G   0.02277   0.01734         0   0.04011        43       640    0.7112    0.9336    0.9452    0.7641         0   0.01711         0
     53/99     2.29G   0.02548   0.01737         0   0.04285        37       640    0.7886    0.9609    0.9702    0.7844         0   0.01926         0
     54/99     2.29G   0.02316   0.01705         0   0.04022        55       640    0.7972    0.9648    0.9669    0.7837         0   0.01881         0
     55/99     2.29G   0.02181   0.01695         0   0.03876        44       640    0.9009    0.9609    0.9734    0.8031         0   0.01859         0
     56/99     2.29G   0.02247   0.01719         0   0.03966        56       640    0.7867    0.9531    0.9648    0.7574         0   0.01942         0
     57/99     2.29G   0.02209   0.01677         0   0.03886        46       640     0.892    0.9336    0.9727    0.7894         0   0.01838         0
     58/99     2.29G   0.02293   0.01719         0   0.04011        38       640     0.858    0.9492    0.9623    0.7661         0   0.01812         0
     59/99     2.29G   0.02157   0.01708         0   0.03865        49       640    0.6327    0.9766    0.9781    0.7889         0   0.02063         0
     60/99     2.29G    0.0228   0.01671         0   0.03951        28       640    0.7925    0.9805    0.9825    0.7752         0   0.01823         0
     61/99     2.29G    0.0219   0.01603         0   0.03793        43       640    0.8115    0.9648    0.9734    0.6364         0   0.01882         0
     62/99     2.29G   0.02169   0.01677         0   0.03846        31       640    0.7986    0.9448    0.9635    0.6939         0   0.01948         0
     63/99     2.29G   0.02079   0.01601         0    0.0368        46       640    0.8982    0.9453    0.9701    0.7906         0   0.01877         0
     64/99     2.29G   0.02165   0.01659         0   0.03823        54       640    0.8384    0.9527    0.9764    0.7875         0   0.01981         0
     65/99     2.29G   0.02141   0.01632         0   0.03774        28       640    0.6988    0.9805    0.9834    0.7597         0   0.02028         0
     66/99     2.29G   0.02126   0.01628         0   0.03754        44       640    0.7902    0.9648     0.971    0.7725         0    0.0199         0
     67/99     2.29G     0.021   0.01494         0   0.03594        30       640     0.795    0.9648    0.9723     0.812         0   0.01953         0
     68/99     2.29G    0.0223   0.01716         0   0.03946        41       640    0.8768    0.9609    0.9768     0.819         0   0.01826         0
     69/99     2.29G   0.02086   0.01572         0   0.03658        56       640    0.8399    0.9648    0.9767    0.8079         0   0.01808         0
     70/99     2.29G   0.02192   0.01559         0   0.03751        40       640    0.8578    0.9648    0.9685    0.8032         0    0.0193         0
     71/99     2.29G   0.02119   0.01623         0   0.03743        42       640    0.8108    0.9711    0.9743    0.8089         0   0.01976         0
     72/99     2.29G   0.02085   0.01591         0   0.03676        47       640    0.8234    0.9727    0.9777    0.8179         0   0.01959         0
     73/99     2.29G   0.02082   0.01583         0   0.03665        49       640    0.8828    0.9766    0.9839    0.8174         0   0.01969         0
     74/99     2.29G   0.01991   0.01516         0   0.03507        43       640     0.886    0.9805    0.9901    0.8271         0   0.01966         0
     75/99     2.29G   0.02033   0.01542         0   0.03575        37       640    0.8341    0.9727    0.9829    0.8271         0   0.02038         0
     76/99     2.29G    0.0197   0.01471         0   0.03441        40       640    0.8366    0.9797     0.987    0.8188         0    0.0194         0
     77/99     2.29G   0.02022   0.01534         0   0.03556        52       640    0.7922    0.9844    0.9867    0.7967         0   0.02044         0
     78/99     2.29G   0.01879   0.01471         0    0.0335        48       640     0.781    0.9844    0.9889    0.8305         0   0.02055         0
     79/99     2.29G   0.01893   0.01505         0   0.03398        35       640    0.8108    0.9805    0.9858    0.8198         0   0.01988         0
     80/99     2.29G   0.01953   0.01476         0   0.03429        48       640    0.8784    0.9844    0.9819    0.8161         0   0.02037         0
     81/99     2.29G   0.02023   0.01477         0     0.035        52       640    0.8679    0.9766    0.9812    0.8025         0   0.02006         0
     82/99     2.29G   0.01907   0.01512         0   0.03419        46       640    0.8468    0.9648    0.9777    0.8137         0   0.02054         0
     83/99     2.29G   0.01925   0.01528         0   0.03453        42       640    0.7851    0.9766      0.98    0.8135         0   0.01926         0
     84/99     2.29G   0.01911   0.01393         0   0.03304        38       640    0.8756    0.9727    0.9891    0.8244         0   0.02016         0
     85/99     2.29G   0.01933   0.01483         0   0.03415        49       640     0.923    0.9835    0.9893    0.8312         0   0.02008         0
     86/99     2.29G   0.01857   0.01431         0   0.03288        46       640    0.8414    0.9805    0.9883    0.8199         0   0.02104         0
     87/99     2.29G   0.01825    0.0148         0   0.03305        33       640    0.8326    0.9844    0.9884    0.8269         0   0.02135         0
     88/99     2.29G   0.01813   0.01485         0   0.03299        42       640    0.8325    0.9805    0.9834    0.8219         0   0.02097         0
     89/99     2.29G   0.01845   0.01317         0   0.03162        37       640    0.8486    0.9688    0.9853    0.8139         0    0.0208         0
     90/99     2.29G   0.01874   0.01429         0   0.03303        27       640    0.8041    0.9609    0.9748    0.8219         0   0.02141         0
     91/99     2.29G    0.0185   0.01377         0   0.03227        52       640    0.8315    0.9727    0.9818    0.8327         0   0.02092         0
     92/99     2.29G    0.0185   0.01382         0   0.03232        42       640    0.8615    0.9766    0.9824    0.8265         0   0.02136         0
     93/99     2.29G    0.0201   0.01504         0   0.03514        50       640    0.8547    0.9688    0.9792    0.8347         0    0.0208         0
     94/99     2.29G   0.01869   0.01462         0   0.03331        36       640    0.8443    0.9727    0.9802     0.838         0   0.02058         0
     95/99     2.29G   0.01793   0.01546         0   0.03339        44       640    0.8655    0.9727    0.9799    0.8233         0   0.02117         0
     96/99     2.29G   0.01801   0.01439         0    0.0324        43       640    0.7707    0.9766    0.9816     0.825         0    0.0215         0
     97/99     2.29G   0.01794   0.01394         0   0.03188        31       640     0.751    0.9844    0.9834    0.8224         0   0.02144         0
     98/99     2.29G   0.01812   0.01448         0    0.0326        45       640     0.759    0.9883    0.9906    0.8193         0   0.02163         0
     99/99     2.29G   0.01835     0.014         0   0.03235        42       640    0.8042    0.9805    0.9888    0.8299         0   0.02126         0
